1	3.8783185,452
10	3.8314607,89
100	4.155512,508
1000	3.0,10
1001	2.0,17
1002	1.875,8
1003	2.25,8
1004	3.1111112,9
1005	3.6818182,22
1006	2.826087,23
1007	4.12766,47
1008	3.3783784,37
1009	3.375,64
101	3.260274,73
1010	3.25,44
1011	3.2258065,93
1012	3.53,100
1013	2.2894738,38
1014	3.0612245,98
1015	2.8333333,12
1016	3.4598541,137
1017	3.24,50
1018	3.1875,32
1019	3.967742,31
102	3.1296296,54
1020	3.8857143,35
1021	3.8157895,38
1022	3.4375,32
1023	2.580645,31
1024	3.6,15
1025	2.9318182,44
1026	2.5,4
1027	2.6666667,3
1028	3.0405405,148
1029	2.0,14
103	1.8666667,15
1030	2.25,20
1031	2.2857144,7
1032	2.875,16
1033	2.78125,32
1034	2.5185184,27
1035	3.1617646,68
1036	2.75,24
1037	2.0,24
1038	2.8235295,17
1039	4.0111113,90
104	1.4,5
1040	2.6,25
1041	3.1935484,62
1042	3.142857,28
1043	3.0,8
1044	3.225,40
1045	3.24,25
1046	3.173913,46
1047	2.835821,134
1048	3.0136986,73
1049	2.52,25
105	2.5675676,74
1050	3.6511629,43
1051	3.2439024,41
1052	2.28,25
1053	3.4583333,24
1054	2.3043478,23
1055	3.2,10
1056	3.2,10
1057	2.3181818,22
1058	3.2666667,15
1059	2.7714286,35
106	2.8873239,71
1060	3.0512822,39
1061	2.9310346,29
1062	3.75,12
1063	3.6585367,41
1064	4.25,4
1065	3.490566,53
1066	3.0,16
1067	3.4545455,44
1068	3.1666667,12
1069	3.1666667,18
107	3.5,42
1070	3.7407408,27
1071	2.875,16
1072	2.4285715,7
1073	3.8181818,66
1074	2.961039,77
1075	3.4285715,7
1076	2.25,12
1077	3.125,8
1078	2.7727273,22
1079	2.2444444,45
108	3.0769231,65
1080	4.0,2
1081	2.75,8
1082	2.625,8
1083	2.5,6
1084	3.857143,21
1085	3.0,11
1086	3.2857144,21
1087	1.7,10
1088	2.2307692,13
1089	2.131579,38
109	3.4307692,130
1090	2.4054055,37
1091	2.7209303,43
1092	2.5,12
1093	3.0869565,23
1094	2.4166667,12
1095	2.6206896,29
1096	2.6666667,3
1097	3.5,18
1098	3.6904762,42
1099	3.4615386,13
11	3.8474576,236
110	2.516129,31
1100	2.625,8
1101	3.7702703,74
1102	2.4285715,7
1103	3.7894738,19
1104	3.0,4
1105	2.8333333,18
1106	3.0,4
1107	3.0555556,18
1108	2.4,5
1109	3.4285715,28
111	3.485294,272
1110	2.8536584,41
1111	3.4285715,7
1112	2.8,15
1113	3.2727273,22
1114	3.3,10
1115	3.413793,29
1116	3.6153846,13
1117	3.1052632,19
1118	3.255319,47
1119	3.661017,59
112	2.45,20
1120	3.0,17
1121	3.7619047,21
1122	5.0,1
1123	3.6666667,3
1124	3.8333333,12
1125	4.25,4
1126	3.34375,32
1127	2.909091,11
1128	2.6923077,13
1129	3.5714285,28
113	4.111111,9
1130	4.0,1
1131	4.0,13
1132	2.625,32
1133	2.9666667,30
1134	3.3157895,38
1135	2.9782608,46
1136	3.4827585,29
1137	3.9655173,29
1138	3.4,5
1139	2.6060605,33
114	4.447761,67
1140	2.2941177,17
1141	3.3333333,9
1142	4.0454545,44
1143	4.0,15
1144	3.6666667,3
1145	2.6666667,9
1146	2.0,3
1147	3.6666667,21
1148	3.3333333,9
1149	3.8461537,26
115	3.7333333,15
1150	3.1111112,9
1151	2.142857,7
1152	3.4285715,28
1153	3.4736843,19
1154	3.3333333,12
1155	3.3333333,3
1156	3.0,1
1157	2.88,25
1158	4.0,4
1159	3.5454545,11
116	3.824,125
1160	3.6153846,26
1161	2.9230769,13
1162	1.6,5
1163	2.68,25
1164	2.1666667,6
1165	1.8571428,14
1166	3.1666667,12
1167	3.5454545,11
1168	3.3181818,22
1169	4.1,10
117	3.6931217,378
1170	3.074074,27
1171	3.142857,14
1172	3.6666667,15
1173	2.5714285,7
1174	3.25,8
1175	3.4,5
1176	3.3636363,22
1177	1.8571428,7
1178	2.4736843,19
1179	2.1111112,9
118	3.215017,293
1180	2.5,10
1181	2.5,10
1182	2.3076923,13
1183	2.2105262,19
1184	2.5,10
1185	2.2777777,18
1186	3.3333333,3
1187	3.2307692,13
1188	2.7727273,44
1189	5.0,3
119	4.5,4
1190	3.3636363,11
1191	4.3333335,3
1192	3.3846154,13
1193	3.8,10
1194	4.064516,31
1195	3.2727273,11
1196	3.0,3
1197	3.5555556,45
1198	3.142857,7
1199	2.8695652,23
12	4.385768,267
120	2.238806,67
1200	3.2857144,7
1201	5.0,1
1202	3.5,8
1203	4.047619,21
1204	3.6111112,18
1205	3.0,6
1206	2.6842105,19
1207	2.2941177,17
1208	2.85,20
1209	2.5333333,15
121	3.4382284,429
1210	2.7368422,38
1211	3.4166667,12
1212	2.8333333,6
1213	2.1666667,6
1214	2.0,9
1215	1.9333333,30
1216	3.0,6
1217	2.871795,39
1218	3.4615386,26
1219	2.9,20
122	2.3396227,106
1220	3.3333333,30
1221	3.4871795,39
1222	2.68,25
1223	3.5,4
1224	2.6666667,12
1225	2.642857,14
1226	3.375,32
1227	2.375,8
1228	2.4583333,48
1229	2.1538463,13
123	3.2347827,115
1230	1.8333334,18
1231	2.5,22
1232	2.4705882,17
1233	3.5,6
1234	2.375,8
1235	4.0,1
1236	3.0,1
1237	3.5,6
1238	3.125,8
1239	2.4444444,18
124	4.053476,187
1240	3.6538463,26
1241	2.6666667,6
1242	2.6,5
1243	3.7142856,7
1244	2.9166667,36
1245	3.2105262,19
1246	1.5714285,7
1247	1.8333334,6
1248	3.0,19
1249	2.8333333,12
125	3.557377,244
1250	1.5,6
1251	4.125,8
1252	3.0,9
1253	2.4285715,7
1254	1.8181819,11
1255	2.25,8
1256	2.0,3
1257	1.75,4
1258	2.5217392,23
1259	2.0,4
126	3.8041236,97
1260	2.75,4
1261	3.25,4
1262	3.625,8
1263	2.9333334,15
1264	3.2857144,7
1265	3.0526316,19
1266	3.1666667,12
1267	3.0,33
1268	3.3,10
1269	3.9,10
127	4.283293,413
1270	2.2857144,7
1271	2.7142856,7
1272	1.8,5
1273	2.7333333,15
1274	1.7272727,11
1275	2.5,4
1276	2.5,8
1277	3.4210527,19
1278	3.625,16
1279	2.8888888,9
128	3.5384614,65
1280	2.6875,16
1281	3.1538463,13
1282	3.2222223,9
1283	2.6842105,19
1284	2.8461537,26
1285	3.1333334,15
1286	3.7058823,17
1287	1.3333334,6
1288	3.0,7
1289	2.142857,7
129	3.8217053,129
1290	1.5,2
1291	2.2,15
1292	1.6666666,3
1293	5.0,3
1294	3.142857,7
1295	2.5714285,7
1296	3.25,20
1297	2.8333333,12
1298	3.6666667,9
1299	3.0,8
13	3.4184783,184
130	2.2608695,23
1300	2.3333333,9
1301	3.8,5
1302	3.4,5
1303	2.3333333,18
1304	2.5,2
1305	2.4285715,7
1306	3.0,2
1307	1.5,2
1308	1.0,2
1309	1.0,1
131	3.7263157,95
1310	3.0,1
1311	2.5,16
1312	3.0,7
1313	3.142857,14
1314	2.4545455,11
1315	3.1304348,23
1316	2.7142856,7
1317	2.0,4
1318	1.3333334,3
1319	1.75,4
132	4.0772357,246
1320	1.0,1
1321	2.5,2
1322	2.3333333,6
1323	2.6666667,3
1324	2.4,5
1325	1.0,1
1326	3.3333333,6
1327	2.3333333,3
1328	3.1666667,6
1329	1.0,1
133	3.871345,171
1330	2.5,4
1331	3.0,4
1332	2.0,2
1333	2.8,5
1334	1.0,2
1335	2.6363637,11
1336	1.8,10
1337	2.3333333,9
1338	2.25,4
1339	1.0,1
134	4.292929,198
1340	1.0,1
1341	1.0,1
1342	2.5,2
1343	1.0,1
1344	3.2,5
1345	2.0,2
1346	2.4,5
1347	2.75,4
1348	1.0,1
1349	1.0,1
135	3.969112,259
1350	1.5,2
1351	2.0,3
1352	1.0,1
1353	2.6,5
1354	1.0,2
1355	2.6666667,6
1356	2.6666667,3
1357	2.6666667,3
1358	3.0,2
1359	1.0,2
136	4.1238093,105
1360	1.5,2
1361	2.6666667,3
1362	2.0,2
1363	1.0,1
1364	1.0,1
1365	1.5,2
1366	1.0,1
1367	4.2,5
1368	3.6666667,6
1369	2.75,4
137	3.9005847,171
1370	2.6666667,3
1371	1.5,2
1372	3.0,3
1373	1.0,1
1374	1.0,2
1375	3.6,10
1376	2.142857,7
1377	3.25,4
1378	2.2,5
1379	2.857143,7
138	2.5789473,19
1380	2.3333333,6
1381	3.25,8
1382	2.0,4
1383	2.0,6
1384	1.6666666,3
1385	2.8,5
1386	2.6666667,6
1387	2.0,3
1388	3.3333333,6
1389	3.0,3
139	2.78,50
1390	2.0,2
1391	2.0,3
1392	2.0,5
1393	2.1111112,9
1394	2.4285715,7
1395	2.3333333,6
1396	4.2,5
1397	3.2,5
1398	4.5,2
1399	2.4285715,7
14	3.9672132,183
140	3.2131147,61
1400	3.1,10
1401	3.2222223,18
1402	2.75,4
1403	2.75,4
1404	3.2307692,13
1405	3.3333333,6
1406	3.4,5
1407	2.25,20
1408	1.0,3
1409	2.857143,7
141	3.5,72
1410	2.75,4
1411	2.5714285,28
1412	1.6666666,6
1413	2.75,8
1414	2.0,1
1415	2.4444444,9
1416	2.4,5
1417	2.5,2
1418	3.6666667,3
1419	2.125,16
142	3.0701754,57
1420	1.3333334,3
1421	3.1818182,11
1422	2.25,4
1423	2.25,4
1424	2.3333333,3
1425	2.6,10
1426	3.25,8
1427	2.8,5
1428	3.6666667,12
1429	2.75,4
143	3.7657657,222
1430	2.3333333,3
1431	3.4,5
1432	1.0,3
1433	2.0,2
1434	2.5,10
1435	2.5714285,7
1436	2.5,2
1437	2.0,9
1438	2.4,5
1439	3.0,8
144	3.872428,243
1440	3.0,5
1441	2.5714285,7
1442	2.4,5
1443	3.75,4
1444	2.4736843,19
1445	2.75,4
1446	3.1333334,15
1447	3.0,1
1448	3.6666667,3
1449	4.625,8
145	2.4461539,65
1450	4.0,2
1451	3.8666666,15
1452	4.0,1
1453	2.0,1
1454	3.0,6
1455	2.5,2
1456	3.7142856,7
1457	3.0,1
1458	4.0,1
1459	3.5714285,7
146	2.5,10
1460	3.0,1
1461	2.0,1
1462	3.7142856,7
1463	3.3333333,3
1464	2.3333333,3
1465	2.3333333,3
1466	4.0,6
1467	5.0,2
1468	3.3333333,6
1469	3.1666667,12
147	3.4702702,185
1470	2.6,5
1471	2.4444444,9
1472	3.5,2
1473	3.5555556,9
1474	2.8333333,6
1475	2.875,8
1476	2.0,1
1477	2.5,2
1478	2.7222223,18
1479	2.75,8
148	3.203125,128
1480	2.2727273,11
1481	3.0,2
1482	4.0,1
1483	3.4166667,12
1484	2.6666667,3
1485	3.5,4
1486	1.0,1
1487	2.0,5
1488	3.0,4
1489	2.2,5
149	3.0,23
1490	3.0,3
1491	3.0,2
1492	4.0,1
1493	1.0,1
1494	1.0,1
1495	3.6,5
1496	2.8,5
1497	3.0,2
1498	4.0,1
1499	3.25,4
15	3.778157,293
150	3.8280256,157
1500	5.0,2
1501	3.0,5
1502	1.5,2
1503	3.1,10
1504	3.6666667,3
1505	4.0,1
1506	3.6666667,3
1507	3.0,1
1508	2.3333333,3
1509	1.6,5
151	3.6319017,326
1510	3.0,1
1511	3.2,5
1512	4.0,6
1513	2.0,3
1514	3.142857,7
1515	4.0,1
1516	4.0,3
1517	2.8,5
1518	3.0,12
1519	3.0,2
152	3.6341465,82
1520	3.0,1
1521	3.0,4
1522	2.4285715,7
1523	3.0,2
1524	4.25,8
1525	4.0,1
1526	4.0,1
1527	2.4285715,7
1528	2.3333333,3
1529	2.8,5
153	3.7854252,247
1530	2.0,5
1531	3.2857144,7
1532	2.0,2
1533	4.0,1
1534	2.1666667,6
1535	3.0,4
1536	5.0,1
1537	4.0,4
1538	3.0,3
1539	1.75,4
154	3.7471263,174
1540	2.8,10
1541	3.5,2
1542	3.0,2
1543	3.0,1
1544	2.6666667,3
1545	2.5,4
1546	1.0,1
1547	3.0,2
1548	1.0,1
1549	1.5,2
155	3.1020408,98
1550	3.0,2
1551	2.0,2
1552	2.0,3
1553	2.75,4
1554	3.0,2
1555	2.6,5
1556	2.0,2
1557	1.0,1
1558	3.5714285,7
1559	1.0,1
156	3.9864864,148
1560	2.75,4
1561	1.0,1
1562	1.0,1
1563	1.0,1
1564	1.0,1
1565	1.0,1
1566	1.0,1
1567	1.0,1
1568	1.0,1
1569	1.0,1
157	3.6929133,127
1570	1.0,1
1571	1.0,1
1572	1.0,1
1573	2.5,2
1574	1.0,1
1575	1.0,1
1576	1.0,1
1577	1.0,1
1578	2.0,2
1579	1.0,1
158	2.6166666,60
1580	1.0,1
1581	1.0,1
1582	1.0,1
1583	1.0,1
1584	1.0,1
1585	2.5,2
1586	1.0,1
1587	1.0,1
1588	2.0,2
1589	3.0,4
159	3.227723,101
1590	2.0,2
1591	3.1666667,6
1592	3.6,5
1593	4.0,1
1594	4.5,2
1595	2.0,1
1596	2.0,1
1597	3.0,5
1598	2.5,6
1599	5.0,1
16	3.2051282,39
160	3.463768,69
1600	3.75,4
1601	1.0,1
1602	3.3333333,3
1603	3.0,1
1604	4.0,1
1605	3.0,4
1606	2.0,1
1607	3.3333333,3
1608	2.25,4
1609	1.6666666,3
161	3.4818182,220
1610	2.0,3
1611	3.0,2
1612	3.75,4
1613	4.0,1
1614	3.0,1
1615	3.0,10
1616	4.0,1
1617	3.0,2
1618	1.0,1
1619	3.0,1
162	3.5566037,106
1620	3.2222223,9
1621	1.0,1
1622	2.3333333,3
1623	4.0,3
1624	2.0,1
1625	4.0,1
1626	1.0,1
1627	3.0,1
1628	3.75,4
1629	4.0,2
163	3.5543478,92
1630	3.0,1
1631	3.5,2
1632	3.0,1
1633	3.0,1
1634	2.0,1
1635	3.0,1
1636	4.0,1
1637	3.0,1
1638	3.0,1
1639	4.3333335,3
164	3.5894039,151
1640	3.0,1
1641	3.0,1
1642	4.5,2
1643	3.75,4
1644	1.5,2
1645	4.0,1
1646	3.5,2
1647	3.0,1
1648	2.0,1
1649	3.0,1
165	4.109375,64
1650	4.0,1
1651	4.0,1
1652	1.6666666,3
1653	5.0,1
1654	1.0,1
1655	2.0,1
1656	3.5,2
1657	3.0,1
1658	3.0,3
1659	1.0,1
166	4.12069,58
1660	2.0,1
1661	1.0,1
1662	2.5,2
1663	2.0,1
1664	3.25,4
1665	2.0,1
1666	2.0,1
1667	3.0,1
1668	3.0,1
1669	2.0,1
167	2.9552238,67
1670	3.0,1
1671	1.0,1
1672	2.0,2
1673	3.0,1
1674	4.0,1
1675	3.0,1
1676	2.0,1
1677	3.0,1
1678	1.0,1
1679	3.0,1
168	4.066456,316
1680	2.0,1
1681	3.0,1
1682	3.0,1
169	4.4661016,118
17	3.1195652,92
170	4.173554,121
171	3.876923,65
172	4.2043595,367
173	4.1728396,324
174	4.252381,420
175	3.8173077,208
176	3.9471831,284
177	3.8613138,137
178	4.344,125
179	3.9095023,221
18	2.8,10
180	4.045249,221
181	4.0078897,507
182	3.9513273,226
183	4.034364,291
184	3.4310346,116
185	4.1004186,239
186	3.8366535,251
187	4.186603,209
188	3.682353,170
189	4.1060605,66
19	3.9565217,69
190	4.137097,124
191	4.1630435,276
192	4.12069,116
193	3.9171975,157
194	4.058091,241
195	3.933555,301
196	3.9163346,251
197	4.1046023,239
198	4.007874,127
199	4.1757574,165
2	3.206107,131
20	3.4166667,72
200	3.8252428,206
201	3.516854,89
202	3.7642858,280
203	3.8681319,182
204	3.8342857,350
205	3.9926472,136
206	3.38,50
207	3.8181818,66
208	3.945,200
209	3.905759,191
21	2.7619047,84
210	3.9305136,331
211	3.9126213,206
212	3.4565217,92
213	3.9850745,134
214	3.3508773,114
215	3.6981132,212
216	3.9103448,290
217	3.1583333,120
218	3.4561403,171
219	3.1711712,111
22	4.151515,297
220	3.3636363,66
221	3.7297297,74
222	3.660274,365
223	4.1985292,136
224	3.7045455,44
225	2.9082568,109
226	3.3554218,166
227	3.279503,161
228	3.8155737,244
229	3.1111112,171
23	4.120879,182
230	3.4472363,199
231	2.6830986,142
232	3.2079208,101
233	3.2903225,124
234	3.775,280
235	2.8479264,217
236	3.6222222,45
237	3.7109375,384
238	3.875,256
239	3.5133333,150
24	3.4482758,174
240	2.7884614,156
241	3.546875,128
242	3.991453,117
243	2.439394,132
244	3.1666667,48
245	3.1083333,240
246	3.935484,124
247	1.8,5
248	3.675,160
249	3.2461538,130
25	3.443686,293
250	3.4771574,197
251	4.2608695,46
252	2.943038,158
253	3.6923077,26
254	2.451613,62
255	3.360465,172
256	3.5625,16
257	3.7458746,303
258	3.8035364,509
259	2.6851852,162
26	3.4520547,73
260	2.574803,127
261	2.5581396,43
262	3.7121212,66
263	2.1578948,19
264	2.7425742,101
265	3.8634362,227
266	2.7142856,35
267	3.4444444,9
268	3.792157,255
269	3.926984,315
27	3.1052632,57
270	3.5955882,136
271	3.2322276,211
272	4.262626,198
273	3.5695066,223
274	3.5,190
275	4.011194,268
276	3.6979866,298
277	3.4647887,71
278	3.2333333,60
279	3.2857144,28
28	3.9311595,276
280	3.1882353,85
281	3.1438355,146
282	3.685345,232
283	3.717514,177
284	3.1606216,193
285	4.265432,162
286	3.6569645,481
287	3.5897436,78
288	3.4414227,478
289	2.980695,259
29	2.6666667,114
290	3.1145833,96
291	3.3700788,127
292	3.6666667,114
293	3.802721,147
294	3.156701,485
295	3.4025974,77
296	3.3333333,6
297	3.96,50
298	3.7680411,194
299	2.9315069,73
3	3.0333333,90
30	3.945946,37
300	3.6310904,431
301	3.3043478,230
302	4.1616163,297
303	3.686567,134
304	3.5369127,149
305	3.6436782,87
306	3.9479167,96
307	3.5159574,188
308	2.9666667,30
309	2.857143,28
31	3.6298702,154
310	3.6,145
311	3.68,75
312	3.1625,80
313	4.245714,350
314	1.0,5
315	4.1,160
316	4.196429,112
317	3.9117646,102
318	4.466443,298
319	3.2738094,168
32	3.7901235,81
320	4.05,20
321	3.1301775,169
322	3.087156,218
323	2.9333334,240
324	3.136,125
325	2.546875,128
326	3.36,175
327	3.377143,175
328	3.4237287,295
329	3.3333333,45
33	3.4536083,97
330	3.0243902,41
331	3.539823,113
332	3.4615386,143
333	3.5936255,251
334	3.359375,64
335	2.7619047,21
336	2.627907,43
337	3.0,18
338	2.6593406,91
339	3.255319,47
34	2.7142856,7
340	3.5873015,189
341	3.090909,11
342	2.9230769,52
343	3.096774,124
344	3.6545455,55
345	3.4,65
346	3.642857,126
347	3.510949,137
348	3.2962964,27
349	2.903226,31
35	2.1818182,11
350	3.1463416,41
351	2.7,20
352	2.1153846,26
353	2.4285715,14
354	3.4861112,72
355	2.9268293,41
356	3.3814433,97
357	4.2916665,264
358	2.6153846,143
359	3.5,18
36	2.1538463,13
360	3.2,10
361	3.5,10
362	2.8214285,28
363	2.7234042,47
364	2.6756756,37
365	3.2083333,48
366	3.3404255,47
367	3.4588234,170
368	1.9032258,31
369	2.6363637,55
37	2.25,8
370	2.8205128,39
371	3.164179,67
372	3.5294118,34
373	2.897436,39
374	2.2727273,11
375	1.9565217,23
376	2.8333333,24
377	2.1538463,13
378	3.7227724,101
379	2.9767442,43
38	3.0083334,120
380	3.336207,116
381	3.55,100
382	3.5945945,111
383	2.064516,31
384	2.7826087,69
385	3.5625,208
386	2.816092,87
387	3.3846154,65
388	2.392857,28
389	3.4444444,27
39	3.2643678,87
390	3.2,10
391	2.7457628,59
392	3.5441177,68
393	3.4114583,192
394	3.3333333,12
395	2.5892856,56
396	2.8148148,54
397	2.5833333,12
398	2.0769231,26
399	3.3033707,89
4	3.5502393,209
40	2.8947368,57
400	2.7222223,18
401	2.8026316,76
402	3.464706,170
403	3.4278607,201
404	3.6732674,101
405	3.3139534,344
406	2.4489796,49
407	2.511628,43
408	4.491071,112
409	3.142857,70
41	3.0810812,37
410	3.1296296,162
411	2.9141104,163
412	2.3978496,93
413	2.6363637,55
414	3.532258,62
415	2.84,25
416	3.484375,64
417	3.0958905,73
418	3.5813954,129
419	3.724719,178
42	3.804054,148
420	3.6666667,81
421	3.5943396,106
422	2.8461537,26
423	3.8333333,300
424	1.3157895,19
425	3.7411764,85
426	2.84375,32
427	4.2922373,219
428	3.8181818,121
429	3.9381444,97
43	3.0,40
430	4.0,93
431	3.5359478,153
432	3.770115,174
433	3.6900585,171
434	3.835821,67
435	3.949074,216
436	3.5353534,99
437	1.0,5
438	1.1666666,6
439	1.0,5
44	3.341772,79
440	1.6428572,14
441	2.5660377,53
442	1.25,4
443	3.808642,162
444	2.7173913,46
445	3.5,22
446	2.4444444,9
447	3.5041323,121
448	3.3882353,85
449	3.034188,117
45	4.05,80
450	2.3968253,63
451	3.3470588,170
452	2.6666667,66
453	1.9375,16
454	2.875,16
455	3.2551725,145
456	2.3125,48
457	1.7407408,27
458	3.1222222,90
459	3.75,24
46	3.5555556,27
460	3.0,28
461	3.6216216,74
462	3.804054,148
463	3.859155,71
464	3.5925925,27
465	3.5647058,85
466	3.5961537,52
467	3.7916667,48
468	3.3125,64
469	3.7761195,67
47	3.6015038,133
470	3.6666667,108
471	3.6108596,221
472	3.0822785,158
473	3.1269841,126
474	4.2525773,194
475	3.884,250
476	3.01875,160
477	3.2105262,95
478	4.1153846,104
479	4.2513967,179
48	4.094017,117
480	4.2849164,179
481	3.936508,63
482	3.984375,128
483	4.45679,243
484	4.210145,138
485	3.816,125
486	3.796875,64
487	4.102941,68
488	4.2,65
489	4.1153846,52
49	3.3209877,81
490	4.02,50
491	3.7910447,67
492	3.8644068,59
493	4.15,60
494	4.0,56
495	3.661017,59
496	4.121212,231
497	3.8382354,68
498	4.1842103,152
499	3.951613,62
5	3.3023255,86
50	4.3584905,583
500	3.903226,31
501	3.495935,123
502	3.7017543,57
503	3.6410255,39
504	3.819672,122
505	4.0,68
506	3.8555555,90
507	3.8163266,98
508	3.5953488,215
509	3.8512397,121
51	3.4567902,81
510	3.9421487,121
511	4.231214,173
512	4.0,57
513	4.3333335,72
514	3.911111,180
515	4.20398,201
516	3.9682539,63
517	3.7692308,91
518	3.6516855,89
519	4.1,80
52	3.7692308,91
520	4.104839,124
521	3.8333333,120
522	3.7714286,35
523	3.9939024,164
524	4.021739,46
525	4.027397,73
526	3.830645,124
527	4.020513,195
528	4.132231,121
529	3.9784946,93
53	2.953125,128
530	4.025,80
531	3.9224806,129
532	3.3181818,22
533	3.6666667,15
534	3.3076923,13
535	3.1666667,54
536	3.3,10
537	3.6333334,30
538	3.4242425,66
539	2.4772727,44
54	3.2403846,104
540	2.511628,43
541	2.877551,49
542	2.5294118,51
543	3.6190476,21
544	3.1549296,71
545	1.8333334,12
546	3.031496,254
547	3.3414633,41
548	2.1666667,12
549	3.5652175,92
55	3.704698,149
550	3.284768,151
551	2.4166667,24
552	2.8666666,45
553	3.2857144,63
554	2.8039215,102
555	2.0,10
556	2.5,12
557	3.1176472,17
558	3.6714287,70
559	3.1824818,137
56	4.0609136,394
560	2.7272727,22
561	3.0677967,59
562	3.2083333,48
563	2.413793,29
564	2.0370371,27
565	2.6818182,22
566	3.5698323,179
567	2.8,35
568	3.6478262,230
569	2.7014925,67
57	4.0,40
570	3.1,50
571	2.5,28
572	2.7586207,29
573	2.939394,33
574	2.2,15
575	2.5454545,44
576	3.0215054,93
577	2.2195122,41
578	3.152174,92
579	2.631579,19
58	3.6457143,175
580	3.375,32
581	3.220339,59
582	3.6011906,168
583	3.0,37
584	3.544304,79
585	2.4871795,39
586	2.6764705,34
587	3.5714285,14
588	3.7920792,202
589	4.023256,43
59	4.0602407,83
590	2.0,18
591	3.6011236,178
592	3.3333333,9
593	3.1666667,12
594	2.4,5
595	3.09375,64
596	3.3779528,127
597	3.1504855,206
598	2.25,4
599	1.0,1
6	3.5769231,26
60	4.015625,64
600	3.0,2
601	4.0,20
602	3.7,50
603	4.38756,209
604	4.012346,81
605	3.3548386,31
606	4.0454545,66
607	3.969697,66
608	3.9333334,30
609	3.5833333,60
61	3.8644068,59
610	3.6585367,41
611	4.1,40
612	3.9411764,34
613	4.037037,27
614	3.745098,51
615	4.0508475,59
616	3.421875,64
617	3.7777777,18
618	3.6111112,18
619	3.171875,64
62	3.1417322,127
620	3.0930233,43
621	2.909091,11
622	3.3589745,39
623	2.9230769,39
624	3.2727273,22
625	3.3292682,82
626	3.25,4
627	3.2266667,75
628	3.514793,169
629	3.3376622,77
63	3.097561,82
630	3.2903225,31
631	3.6218488,119
632	3.8965516,58
633	4.057971,69
634	3.75,24
635	2.7391305,23
636	3.2417583,91
637	3.0263157,38
638	3.7727273,44
639	3.7,40
64	4.4452295,283
640	3.0243902,82
641	4.212121,33
642	3.483146,89
643	3.0,4
644	3.7714286,35
645	3.8148148,27
646	3.868421,38
647	4.1,70
648	4.029851,67
649	3.4,50
65	3.5391304,115
650	3.5416667,72
651	4.0760236,171
652	3.8888888,90
653	3.9117646,34
654	4.1360545,147
655	3.8810573,227
656	4.0,44
657	4.259542,131
658	3.4177215,79
659	4.078261,115
66	3.5493827,162
660	3.764706,153
661	4.1022725,88
662	3.4268293,82
663	3.9051723,116
664	3.5434783,46
665	2.83,100
666	2.4,5
667	2.1666667,12
668	2.1666667,6
669	1.6153846,13
67	3.0485437,103
670	3.0,36
671	3.6086957,46
672	2.7230768,65
673	3.5232558,86
674	2.8958333,48
675	3.5555556,54
676	3.3376622,77
677	3.0,1
678	2.8082192,219
679	3.046729,107
68	3.4179103,134
680	2.5588236,34
681	2.4444444,27
682	3.06,100
683	2.4081633,49
684	3.7928994,169
685	3.3566878,157
686	3.68,50
687	2.1884058,69
688	1.8409091,44
689	3.1494253,87
69	3.8535826,321
690	3.4580646,155
691	3.5,16
692	3.628049,164
693	3.6483517,91
694	4.0454545,44
695	2.9230769,13
696	3.1392405,79
697	3.425,40
698	3.0,10
699	3.6764705,102
7	3.7984693,392
70	3.6613545,251
700	2.6,15
701	4.0,10
702	3.018868,53
703	3.5789473,19
704	3.0416667,24
705	3.9927008,137
706	2.6666667,6
707	3.9285715,70
708	3.4752476,101
709	4.0288463,104
71	3.7818182,220
710	3.5696204,79
711	4.0,1
712	3.0784314,51
713	3.6111112,72
714	3.2307692,13
715	3.275862,87
716	3.1551723,58
717	2.817073,82
718	3.6875,16
719	2.413793,29
72	3.1937985,129
720	3.0232558,86
721	3.4444444,54
722	2.9310346,58
723	3.1470587,34
724	3.4868422,76
725	2.75,16
726	2.4285715,14
727	3.4603174,63
728	3.0222223,45
729	3.4814816,81
73	3.46875,128
730	3.5,24
731	3.1538463,39
732	3.65,180
733	3.2,15
734	2.5185184,27
735	3.8540146,137
736	3.9358974,78
737	2.9830508,59
738	2.8387096,31
739	3.3231707,164
74	3.0,7
740	3.4761906,63
741	3.4482758,58
742	3.6441948,267
743	1.948718,39
744	3.4565217,92
745	3.875,16
746	3.6638656,119
747	3.4607842,102
748	3.1234176,316
749	3.1764705,51
75	3.0,5
750	3.8548386,124
751	3.4277778,180
752	3.3076923,39
753	3.7083333,24
754	3.3859649,57
755	3.3125,96
756	2.8984375,128
757	2.75,4
758	1.7142857,21
759	2.1818182,11
76	3.4074075,54
760	2.652174,46
761	3.0454545,44
762	3.3913043,115
763	3.3892617,149
764	2.7586207,29
765	2.8125,32
766	3.1111112,9
767	2.1818182,11
768	3.0769231,52
769	2.452381,42
77	3.2781458,151
770	3.3859649,57
771	2.6341465,41
772	3.0612245,49
773	2.9411764,17
774	2.9375,32
775	2.7692308,26
776	3.2222223,9
777	1.25,4
778	3.5526316,76
779	2.548387,31
78	2.4545455,33
780	3.0,69
781	3.3333333,84
782	2.6,10
783	2.7297297,37
784	1.0,2
785	3.1538463,39
786	2.642857,14
787	3.2307692,13
788	1.6666666,3
789	3.5744681,47
79	4.044643,336
790	2.909091,66
791	2.5,10
792	3.7209303,86
793	3.5,10
794	3.652174,46
795	2.4285715,21
796	3.0833333,36
797	3.096774,31
798	2.2222223,9
799	3.2,5
8	3.9954338,219
80	2.764706,68
800	2.8846154,26
801	2.8125,16
802	2.7,40
803	2.5555556,9
804	2.875,8
805	3.6296296,27
806	3.46,50
807	2.7777777,9
808	2.8387096,31
809	2.9069767,43
81	3.5545454,110
810	2.8888888,45
811	3.9444444,18
812	3.1111112,18
813	3.892857,56
814	5.0,1
815	3.232143,112
816	2.4285715,21
817	2.6666667,3
818	2.76,25
819	2.7,40
82	3.7203064,261
820	2.7741935,93
821	3.0454545,22
822	3.0,4
823	2.878049,82
824	2.7551022,49
825	3.0361445,83
826	2.575,80
827	2.7719297,57
828	2.6923077,13
829	2.6470587,34
83	4.0625,176
830	1.0,1
831	2.4615386,91
832	2.5454545,22
833	3.2040815,49
834	2.2,25
835	3.8666666,15
836	3.7692308,26
837	3.92,25
838	2.75,4
839	2.5,4
84	3.0,18
840	2.6603773,53
841	2.75,48
842	3.148148,27
843	3.0,30
844	3.357143,42
845	3.465909,176
846	3.0681818,44
847	3.7272727,55
848	3.5555556,9
849	2.7169812,53
85	3.0344827,58
850	4.0,4
851	3.75,4
852	1.0,1
853	3.857143,14
854	3.375,16
855	3.7272727,66
856	3.8333333,36
857	3.0,1
858	1.0,3
859	2.6666667,15
86	3.94,150
860	2.25,16
861	2.3333333,3
862	2.1111112,18
863	3.9166667,24
864	3.1627908,86
865	3.4761906,21
866	3.3193278,119
867	4.0,6
868	3.8,5
869	3.0,24
87	3.905797,138
870	2.7777777,9
871	2.4,75
872	3.0952382,42
873	2.9629629,81
874	3.2564104,39
875	2.7358491,53
876	2.7021277,47
877	2.5384614,52
878	2.5151515,33
879	3.2720587,136
88	3.539906,213
880	3.1694915,59
881	2.9333334,45
882	3.2941177,34
883	3.2307692,13
884	3.2857144,7
885	2.2307692,13
886	3.0754716,53
887	3.609375,64
888	3.4666667,15
889	3.3846154,13
89	4.1381817,275
890	1.9534883,43
891	2.6666667,6
892	2.7547169,53
893	2.4285715,14
894	1.8947369,19
895	3.2169812,106
896	3.7727273,44
897	1.5,2
898	3.224138,58
899	3.4444444,9
9	3.896321,299
90	3.0526316,95
900	3.6904762,42
901	1.9166666,12
902	3.8333333,42
903	3.1111112,18
904	3.45,20
905	3.2222223,27
906	3.1904762,21
907	2.0,2
908	2.5,20
909	3.7692308,13
91	3.5874126,143
910	2.0,4
911	2.5,4
912	3.0,9
913	2.5,2
914	2.7272727,11
915	3.9230769,13
916	3.1666667,18
917	3.4285715,7
918	3.0,8
919	3.7916667,96
92	3.6153846,104
920	2.2,5
921	3.9782608,46
922	3.8235295,34
923	4.1551723,58
924	3.4,85
925	3.3235295,34
926	2.7029703,101
927	3.1666667,6
928	3.1153846,104
929	2.7,40
93	3.7232144,112
930	2.7,80
931	2.1578948,57
932	2.925,40
933	2.4285715,21
934	2.9264705,68
935	3.2857144,7
936	3.9375,32
937	3.4054055,37
938	2.88,25
939	3.6,60
94	3.0875912,137
940	2.34375,32
941	3.0652175,46
942	3.488889,45
943	3.475,40
944	3.0,43
945	3.925,40
946	3.147541,61
947	3.235294,17
948	2.1666667,48
949	3.3380282,71
95	3.8127854,219
950	2.9,30
951	2.8205128,39
952	3.1777778,45
953	3.3181818,22
954	3.5454545,11
955	3.4081633,49
956	3.6086957,46
957	2.0,2
958	3.7857144,14
959	3.46875,64
96	4.0067797,295
960	3.24,25
961	3.6176472,34
962	3.1304348,23
963	4.292683,41
964	3.3333333,9
965	3.6666667,21
966	4.1923075,26
967	3.1666667,12
968	3.7222223,18
969	3.8,75
97	3.7929688,256
970	3.25,8
971	3.6764705,34
972	3.1785715,28
973	3.5,4
974	3.03125,32
975	3.159091,44
976	1.8333334,12
977	2.6938775,49
978	2.5185184,27
979	3.2,35
98	4.2897434,390
980	3.1818182,22
981	1.75,8
982	2.8,20
983	2.4,15
984	2.8636363,44
985	2.8636363,22
986	2.5652175,23
987	2.5,4
988	2.3139534,86
989	2.84375,32
99	3.7093024,172
990	3.090909,33
991	2.24,25
992	3.0,4
993	3.5151515,66
994	2.2857144,7
995	3.1612904,31
996	2.5,14
997	2.125,16
998	2.5625,16
999	2.8,10
